lr: 0.002764850991292384
hidden_size: 32
lambda_reg: 0.0017225550920476301
hidden_layers: 3
num_epochs: 20
window_size: 3
