lr: 0.0040699765287956205
hidden_size: 16
lambda_reg: 0.0002943458112999394
hidden_layers: 1
num_epochs: 40
window_size: 4
