lr: 0.00011852161980316437
hidden_size: 64
lambda_reg: 0.0002974603486826007
hidden_layers: 2
num_epochs: 25
window_size: 8
